//Maya ASCII 2024 scene
//Name: starshipstart.ma
//Last modified: Fri, Mar 29, 2024 01:43:53 PM
//Codeset: 1252
requires maya "2024";
requires -nodeType "aiOptions" -nodeType "aiAOVDriver" -nodeType "aiAOVFilter" "mtoa" "5.3.4.1";
requires -nodeType "mayaUsdLayerManager" -dataType "pxrUsdStageData" "mayaUsdPlugin" "0.25.0";
requires "stereoCamera" "10.0";
requires "stereoCamera" "10.0";
currentUnit -l centimeter -a degree -t film;
fileInfo "application" "maya";
fileInfo "product" "Maya 2024";
fileInfo "version" "2024";
fileInfo "cutIdentifier" "202310181224-69282f2959";
fileInfo "osv" "Windows 11 Home v2009 (Build: 22631)";
fileInfo "UUID" "F5D167F3-47DB-D52F-BE63-9A87E1A244B1";
createNode transform -s -n "persp";
	rename -uid "039478EC-46F1-03BE-8DFB-D382AB179E47";
	setAttr ".v" no;
	setAttr ".t" -type "double3" 11.029426820924385 18.414663359129754 0.55807452921074785 ;
	setAttr ".r" -type "double3" -57.600000000482304 -5320.4000000015394 -1.7618932754102748e-14 ;
	setAttr ".rp" -type "double3" 0 -8.8817841970012523e-16 1.7763568394002505e-15 ;
	setAttr ".rpt" -type "double3" -3.1649926996193325e-15 5.7672087120389667e-16 -1.6157774715552169e-15 ;
createNode camera -s -n "perspShape" -p "persp";
	rename -uid "4E9013AC-434A-D81B-6A88-DC91563FFD34";
	setAttr -k off ".v" no;
	setAttr ".fl" 34.999999999999979;
	setAttr ".coi" 18.419509275018534;
	setAttr ".imn" -type "string" "persp";
	setAttr ".den" -type "string" "persp_depth";
	setAttr ".man" -type "string" "persp_mask";
	setAttr ".tp" -type "double3" 2.5463588237762451 3.6155824661254883 -1.2540876865386963 ;
	setAttr ".hc" -type "string" "viewSet -p %camera";
createNode transform -s -n "top";
	rename -uid "96E13BA8-41C8-BD5C-47B5-6084BFAF1B45";
	setAttr ".v" no;
	setAttr ".t" -type "double3" 4.1883961625794477 1006.475916758003 -1.0194343412008582 ;
	setAttr ".r" -type "double3" -89.999999999999986 -89.999999999999972 0 ;
	setAttr ".rpt" -type "double3" -1.8223828676616963e-14 -4.7699745281990744e-15 1.9478376961934509e-14 ;
createNode camera -s -n "topShape" -p "top";
	rename -uid "1B37594A-44CD-595C-32CA-4784CD74A92D";
	setAttr -k off ".v" no;
	setAttr ".rnd" no;
	setAttr ".coi" 1000.1;
	setAttr ".ow" 29.009490266797972;
	setAttr ".imn" -type "string" "top";
	setAttr ".den" -type "string" "top_depth";
	setAttr ".man" -type "string" "top_mask";
	setAttr ".tp" -type "double3" 4.5415842834788327 6.3759167580029725 -1.610264482734866 ;
	setAttr ".hc" -type "string" "viewSet -t %camera";
	setAttr ".o" yes;
	setAttr ".ai_translator" -type "string" "orthographic";
createNode transform -s -n "front";
	rename -uid "863CEBBD-4221-91EB-EC79-13A808D4D4F6";
	setAttr ".v" no;
	setAttr ".t" -type "double3" -1.6625102124258309 2.7260758870486361 995.93801689959366 ;
	setAttr ".rpt" -type "double3" -4.4095905844071836e-14 -3.66252064701654e-17 1.6265212934797541e-13 ;
createNode camera -s -n "frontShape" -p "front";
	rename -uid "B6D9CA2D-4557-94BD-8EA2-F09AE9699D5A";
	setAttr -k off ".v" no;
	setAttr ".rnd" no;
	setAttr ".coi" 999.67192221423647;
	setAttr ".ow" 13.755037104978852;
	setAttr ".imn" -type "string" "front";
	setAttr ".den" -type "string" "front_depth";
	setAttr ".man" -type "string" "front_mask";
	setAttr ".tp" -type "double3" -8.4788895707369818 6.5151551182446932 -3.7339053146427466 ;
	setAttr ".hc" -type "string" "viewSet -f %camera";
	setAttr ".o" yes;
	setAttr ".ai_translator" -type "string" "orthographic";
createNode transform -s -n "side";
	rename -uid "A3584FCF-4BBC-B0A4-C5B4-609D89D078F4";
	setAttr ".v" no;
	setAttr ".t" -type "double3" 996.53274064770062 4.1155074168986765 1.0987161481918588 ;
	setAttr ".r" -type "double3" 0 90 0 ;
	setAttr ".rpt" -type "double3" -2.5357734036672715e-15 0 -1.284147742480976e-15 ;
createNode camera -s -n "sideShape" -p "side";
	rename -uid "26883DE5-499E-A2B5-F9D2-D3AED0E48DA7";
	setAttr -k off ".v" no;
	setAttr ".rnd" no;
	setAttr ".coi" 1000.1;
	setAttr ".ow" 16.608814499215452;
	setAttr ".imn" -type "string" "side";
	setAttr ".den" -type "string" "side_depth";
	setAttr ".man" -type "string" "side_mask";
	setAttr ".tp" -type "double3" -3.5672593522994021 4.4066287632758421 -0.70420870709859118 ;
	setAttr ".hc" -type "string" "viewSet -s %camera";
	setAttr ".o" yes;
	setAttr ".ai_translator" -type "string" "orthographic";
createNode transform -n "imagePlane1";
	rename -uid "3E5A0730-4402-7457-70C6-16B43BD9A88A";
	setAttr ".t" -type "double3" -16.899518704598837 3.7680687550923757 2.9940883680925916 ;
	setAttr ".r" -type "double3" 0 90 0 ;
createNode imagePlane -n "sideviews" -p "imagePlane1";
	rename -uid "400C8F17-4B6B-EC74-9DE9-F2BEED330619";
	setAttr -k off ".v";
	setAttr ".fc" 48;
	setAttr ".imn" -type "string" "C:/Users/julch/Downloads/starshipforwardaft.jpg";
	setAttr ".cov" -type "short2" 1953 1206 ;
	setAttr ".dlc" no;
	setAttr ".w" 19.53;
	setAttr ".h" 12.06;
	setAttr ".cs" -type "string" "sRGB";
createNode transform -n "imagePlane2";
	rename -uid "DB126C7F-4444-E9AE-FE74-ED90D30E8E39";
	setAttr ".t" -type "double3" 0 5.0702491876040723 -11.173417414197182 ;
	setAttr ".rp" -type "double3" 4.9177915941793389 1.33094268114003 9.9311483798276274 ;
	setAttr ".sp" -type "double3" 4.9177915941793389 1.33094268114003 9.9311483798276274 ;
createNode imagePlane -n "starboard" -p "imagePlane2";
	rename -uid "CBE665CD-4F95-D30E-8265-1B8B86484F98";
	setAttr -k off ".v";
	setAttr ".fc" 48;
	setAttr ".imn" -type "string" "C:/Users/julch/Downloads/starshipstarboard.jpg";
	setAttr ".cov" -type "short2" 1953 1206 ;
	setAttr ".dlc" no;
	setAttr ".w" 19.53;
	setAttr ".h" 12.06;
	setAttr ".cs" -type "string" "sRGB";
createNode transform -n "loftedSurface6";
	rename -uid "5C4775F8-4F3B-60CD-054C-E3B969954E5E";
	setAttr ".rp" -type "double3" 4.8871804475784302 5.702335782472252 -1.2332435054619979 ;
	setAttr ".sp" -type "double3" 4.8871804475784302 5.702335782472252 -1.2332435054619979 ;
createNode mesh -n "polySurfaceShape2" -p "loftedSurface6";
	rename -uid "C1DAE9A8-47AE-42F6-63F5-FE8472CB0CAD";
	setAttr -k off ".v";
	setAttr ".io" yes;
	setAttr ".iog[0].og[0].gcl" -type "componentList" 1 "f[0:503]";
	setAttr ".vir" yes;
	setAttr ".vif" yes;
	setAttr ".pv" -type "double2" 0.5 1 ;
	setAttr ".uvst[0].uvsn" -type "string" "map1";
	setAttr -s 650 ".uvst[0].uvsp";
	setAttr ".uvst[0].uvsp[0:249]" -type "float2" 0 0 1 1 0.5 0 0.5 1 0.25 0
		 0.25 1 0.125 0 0.125 1 0.125 0.33333334 0 0.33333334 0.041666668 0 0.041666668 0.33333334
		 0.083333336 0 0.083333336 0.33333334 0.041666668 1 1 0.66666669 0.041666668 0.66666669
		 0.125 0.66666669 0.083333336 0.66666669 0.083333336 1 0.25 0.33333334 0.16666667
		 0 0.16666667 0.33333334 0.20833333 0 0.20833333 0.33333334 0.16666667 1 0.16666667
		 0.66666669 0.25 0.66666669 0.20833333 0.66666669 0.20833333 1 0.375 0 0.375 1 0.375
		 0.33333334 0.29166666 0 0.29166666 0.33333334 0.33333334 0 0.33333334 0.33333334
		 0.29166666 1 0.29166666 0.66666669 0.375 0.66666669 0.33333334 0.66666669 0.33333334
		 1 0.5 0.33333334 0.41666666 0 0.41666666 0.33333334 0.45833334 0 0.45833334 0.33333334
		 0.41666666 1 0.41666666 0.66666669 0.5 0.66666669 0.45833334 0.66666669 0.45833334
		 1 0.75 0 0.75 1 0.625 0 0.625 1 0.625 0.33333334 0.54166669 0 0.54166669 0.33333334
		 0.58333331 0 0.58333331 0.33333334 0.54166669 1 0.54166669 0.66666669 0.625 0.66666669
		 0.58333331 0.66666669 0.58333331 1 0.75 0.33333334 0.66666669 0 0.66666669 0.33333334
		 0.70833331 0 0.70833331 0.33333334 0.66666669 1 0.66666669 0.66666669 0.75 0.66666669
		 0.70833331 0.66666669 0.70833331 1 0.875 0 0.875 1 0.875 0.33333334 0.79166669 0
		 0.79166669 0.33333334 0.83333331 0 0.83333331 0.33333334 0.79166669 1 0.79166669
		 0.66666669 0.875 0.66666669 0.83333331 0.66666669 0.83333331 1 0.91666669 0 0.91666669
		 0.33333334 0.95833331 0 0.95833331 0.33333334 0.91666669 1 0.91666669 0.66666669
		 0.95833331 0.66666669 0.95833331 1 0 1 0 0.66666669 1 0 1 0.33333334 1 0.83333331
		 1 1 0.95833331 1 0.95833331 0.83333331 0.5 0.83333331 0.5 1 0.45833334 1 0.45833334
		 0.83333331 0.25 0.83333331 0.25 1 0.20833333 1 0.20833333 0.83333331 0.25 0.33333334
		 0.25 0.5 0.20833333 0.5 0.20833333 0.33333334 0.125 0.33333334 0.125 0.5 0.083333336
		 0.5 0.083333336 0.33333334 0.083333336 0 0.125 0 0.125 0.16666667 0.083333336 0.16666667
		 0 0 0.041666668 0 0.041666668 0.16666667 0 0.16666667 0.041666668 0.5 0 0.5 0 0.33333334
		 0.041666668 0.33333334 0.20833333 0 0.25 0 0.25 0.16666667 0.20833333 0.16666667
		 0.16666667 0 0.16666667 0.16666667 0.16666667 0.5 0.16666667 0.33333334 0.125 1 0.083333336
		 1 0.083333336 0.83333331 0.125 0.83333331 0.125 0.66666669 0.083333336 0.66666669
		 0 0.66666669 0.041666668 0.66666669 0.041666668 1 0 1 0 0.83333331 0.041666668 0.83333331
		 0.25 0.66666669 0.20833333 0.66666669 0.16666667 0.66666669 0.16666667 1 0.16666667
		 0.83333331 0.5 0.33333334 0.5 0.5 0.45833334 0.5 0.45833334 0.33333334 0.375 0.33333334
		 0.375 0.5 0.33333334 0.5 0.33333334 0.33333334 0.33333334 0 0.375 0 0.375 0.16666667
		 0.33333334 0.16666667 0.29166666 0 0.29166666 0.16666667 0.29166666 0.5 0.29166666
		 0.33333334 0.45833334 0 0.5 0 0.5 0.16666667 0.45833334 0.16666667 0.41666666 0 0.41666666
		 0.16666667 0.41666666 0.5 0.41666666 0.33333334 0.375 1 0.33333334 1 0.33333334 0.83333331
		 0.375 0.83333331 0.375 0.66666669 0.33333334 0.66666669 0.29166666 0.66666669 0.29166666
		 1 0.29166666 0.83333331 0.5 0.66666669 0.45833334 0.66666669 0.41666666 0.66666669
		 0.41666666 1 0.41666666 0.83333331 0.75 0.83333331 0.75 1 0.70833331 1 0.70833331
		 0.83333331 0.75 0.33333334 0.75 0.5 0.70833331 0.5 0.70833331 0.33333334 0.625 0.33333334
		 0.625 0.5 0.58333331 0.5 0.58333331 0.33333334 0.58333331 0 0.625 0 0.625 0.16666667
		 0.58333331 0.16666667 0.54166669 0 0.54166669 0.16666667 0.54166669 0.5 0.54166669
		 0.33333334 0.70833331 0 0.75 0 0.75 0.16666667 0.70833331 0.16666667 0.66666669 0
		 0.66666669 0.16666667 0.66666669 0.5 0.66666669 0.33333334 0.625 1 0.58333331 1 0.58333331
		 0.83333331 0.625 0.83333331 0.625 0.66666669 0.58333331 0.66666669 0.54166669 0.66666669
		 0.54166669 1 0.54166669 0.83333331 0.75 0.66666669 0.70833331 0.66666669 0.66666669
		 0.66666669 0.66666669 1 0.66666669 0.83333331 1 0.33333334 1 0.5 0.95833331 0.5 0.95833331
		 0.33333334 0.875 0.33333334 0.875 0.5 0.83333331 0.5 0.83333331 0.33333334 0.83333331
		 0 0.875 0 0.875 0.16666667 0.83333331 0.16666667 0.79166669 0;
	setAttr ".uvst[0].uvsp[250:499]" 0.79166669 0.16666667 0.79166669 0.5 0.79166669
		 0.33333334 0.95833331 0 1 0 1 0.16666667 0.95833331 0.16666667 0.91666669 0 0.91666669
		 0.16666667 0.91666669 0.5 0.91666669 0.33333334 0.875 1 0.83333331 1 0.83333331 0.83333331
		 0.875 0.83333331 0.875 0.66666669 0.83333331 0.66666669 0.79166669 0.66666669 0.79166669
		 1 0.79166669 0.83333331 1 0.66666669 0.95833331 0.66666669 0.91666669 0.66666669
		 0.91666669 1 0.91666669 0.83333331 1 0.66666669 1 1 0.95833331 1 0.95833331 0.66666669
		 0.5 0.66666669 0.5 1 0.45833334 1 0.45833334 0.66666669 0.25 0.66666669 0.25 1 0.20833333
		 1 0.20833333 0.66666669 0.125 0.66666669 0.125 1 0.083333336 1 0.083333336 0.66666669
		 0.083333336 0 0.125 0 0.125 0.33333334 0.083333336 0.33333334 0 0 0.041666668 0 0.041666668
		 0.33333334 0 0.33333334 0.041666668 1 0 1 0 0.66666669 0.041666668 0.66666669 0.20833333
		 0 0.25 0 0.25 0.33333334 0.20833333 0.33333334 0.16666667 0 0.16666667 0.33333334
		 0.16666667 1 0.16666667 0.66666669 0.375 0.66666669 0.375 1 0.33333334 1 0.33333334
		 0.66666669 0.33333334 0 0.375 0 0.375 0.33333334 0.33333334 0.33333334 0.29166666
		 0 0.29166666 0.33333334 0.29166666 1 0.29166666 0.66666669 0.45833334 0 0.5 0 0.5
		 0.33333334 0.45833334 0.33333334 0.41666666 0 0.41666666 0.33333334 0.41666666 1
		 0.41666666 0.66666669 0.75 0.66666669 0.75 1 0.70833331 1 0.70833331 0.66666669 0.625
		 0.66666669 0.625 1 0.58333331 1 0.58333331 0.66666669 0.58333331 0 0.625 0 0.625
		 0.33333334 0.58333331 0.33333334 0.54166669 0 0.54166669 0.33333334 0.54166669 1
		 0.54166669 0.66666669 0.70833331 0 0.75 0 0.75 0.33333334 0.70833331 0.33333334 0.66666669
		 0 0.66666669 0.33333334 0.66666669 1 0.66666669 0.66666669 0.875 0.66666669 0.875
		 1 0.83333331 1 0.83333331 0.66666669 0.83333331 0 0.875 0 0.875 0.33333334 0.83333331
		 0.33333334 0.79166669 0 0.79166669 0.33333334 0.79166669 1 0.79166669 0.66666669
		 0.95833331 0 1 0 1 0.33333334 0.95833331 0.33333334 0.91666669 0 0.91666669 0.33333334
		 0.91666669 1 0.91666669 0.66666669 1 0.66666669 0.95833331 0.66666669 0.95833331
		 1 1 1 0.5 0.66666669 0.45833334 0.66666669 0.45833334 1 0.5 1 0.25 0.66666669 0.20833333
		 0.66666669 0.20833333 1 0.25 1 0.125 0.66666669 0.083333336 0.66666669 0.083333336
		 1 0.125 1 0.083333336 0 0.083333336 0.33333334 0.125 0.33333334 0.125 0 0 0 0 0.33333334
		 0.041666668 0.33333334 0.041666668 0 0.041666668 1 0.041666668 0.66666669 0 0.66666669
		 0 1 0.20833333 0 0.20833333 0.33333334 0.25 0.33333334 0.25 0 0.16666667 0.33333334
		 0.16666667 0 0.16666667 1 0.16666667 0.66666669 0.375 0.66666669 0.33333334 0.66666669
		 0.33333334 1 0.375 1 0.33333334 0 0.33333334 0.33333334 0.375 0.33333334 0.375 0
		 0.29166666 0.33333334 0.29166666 0 0.29166666 1 0.29166666 0.66666669 0.45833334
		 0 0.45833334 0.33333334 0.5 0.33333334 0.5 0 0.41666666 0.33333334 0.41666666 0 0.41666666
		 1 0.41666666 0.66666669 0.75 0.66666669 0.70833331 0.66666669 0.70833331 1 0.75 1
		 0.625 0.66666669 0.58333331 0.66666669 0.58333331 1 0.625 1 0.58333331 0 0.58333331
		 0.33333334 0.625 0.33333334 0.625 0 0.54166669 0.33333334 0.54166669 0 0.54166669
		 1 0.54166669 0.66666669 0.70833331 0 0.70833331 0.33333334 0.75 0.33333334 0.75 0
		 0.66666669 0.33333334 0.66666669 0 0.66666669 1 0.66666669 0.66666669 0.875 0.66666669
		 0.83333331 0.66666669 0.83333331 1 0.875 1 0.83333331 0 0.83333331 0.33333334 0.875
		 0.33333334 0.875 0 0.79166669 0.33333334 0.79166669 0 0.79166669 1 0.79166669 0.66666669
		 0.95833331 0 0.95833331 0.33333334 1 0.33333334 1 0 0.91666669 0.33333334 0.91666669
		 0 0.91666669 1 0.91666669 0.66666669 1 0.83333331 0.95833331 0.83333331 0.95833331
		 1 1 1 0.5 0.83333331 0.45833334 0.83333331 0.45833334 1 0.5 1 0.25 0.83333331 0.20833333
		 0.83333331 0.20833333 1 0.25 1 0.25 0.33333334 0.20833333 0.33333334 0.20833333 0.5
		 0.25 0.5 0.125 0.33333334 0.083333336 0.33333334 0.083333336 0.5 0.125 0.5 0.083333336
		 0 0.083333336 0.16666667 0.125 0.16666667 0.125 0 0 0;
	setAttr ".uvst[0].uvsp[500:649]" 0 0.16666667 0.041666668 0.16666667 0.041666668
		 0 0.041666668 0.5 0.041666668 0.33333334 0 0.33333334 0 0.5 0.20833333 0 0.20833333
		 0.16666667 0.25 0.16666667 0.25 0 0.16666667 0.16666667 0.16666667 0 0.16666667 0.5
		 0.16666667 0.33333334 0.125 1 0.125 0.83333331 0.083333336 0.83333331 0.083333336
		 1 0.083333336 0.66666669 0.125 0.66666669 0 0.66666669 0.041666668 0.66666669 0.041666668
		 1 0.041666668 0.83333331 0 0.83333331 0 1 0.20833333 0.66666669 0.25 0.66666669 0.16666667
		 0.66666669 0.16666667 1 0.16666667 0.83333331 0.5 0.33333334 0.45833334 0.33333334
		 0.45833334 0.5 0.5 0.5 0.375 0.33333334 0.33333334 0.33333334 0.33333334 0.5 0.375
		 0.5 0.33333334 0 0.33333334 0.16666667 0.375 0.16666667 0.375 0 0.29166666 0.16666667
		 0.29166666 0 0.29166666 0.5 0.29166666 0.33333334 0.45833334 0 0.45833334 0.16666667
		 0.5 0.16666667 0.5 0 0.41666666 0.16666667 0.41666666 0 0.41666666 0.5 0.41666666
		 0.33333334 0.375 1 0.375 0.83333331 0.33333334 0.83333331 0.33333334 1 0.33333334
		 0.66666669 0.375 0.66666669 0.29166666 0.66666669 0.29166666 1 0.29166666 0.83333331
		 0.45833334 0.66666669 0.5 0.66666669 0.41666666 0.66666669 0.41666666 1 0.41666666
		 0.83333331 0.75 0.83333331 0.70833331 0.83333331 0.70833331 1 0.75 1 0.75 0.33333334
		 0.70833331 0.33333334 0.70833331 0.5 0.75 0.5 0.625 0.33333334 0.58333331 0.33333334
		 0.58333331 0.5 0.625 0.5 0.58333331 0 0.58333331 0.16666667 0.625 0.16666667 0.625
		 0 0.54166669 0.16666667 0.54166669 0 0.54166669 0.5 0.54166669 0.33333334 0.70833331
		 0 0.70833331 0.16666667 0.75 0.16666667 0.75 0 0.66666669 0.16666667 0.66666669 0
		 0.66666669 0.5 0.66666669 0.33333334 0.625 1 0.625 0.83333331 0.58333331 0.83333331
		 0.58333331 1 0.58333331 0.66666669 0.625 0.66666669 0.54166669 0.66666669 0.54166669
		 1 0.54166669 0.83333331 0.70833331 0.66666669 0.75 0.66666669 0.66666669 0.66666669
		 0.66666669 1 0.66666669 0.83333331 1 0.33333334 0.95833331 0.33333334 0.95833331
		 0.5 1 0.5 0.875 0.33333334 0.83333331 0.33333334 0.83333331 0.5 0.875 0.5 0.83333331
		 0 0.83333331 0.16666667 0.875 0.16666667 0.875 0 0.79166669 0.16666667 0.79166669
		 0 0.79166669 0.5 0.79166669 0.33333334 0.95833331 0 0.95833331 0.16666667 1 0.16666667
		 1 0 0.91666669 0.16666667 0.91666669 0 0.91666669 0.5 0.91666669 0.33333334 0.875
		 1 0.875 0.83333331 0.83333331 0.83333331 0.83333331 1 0.83333331 0.66666669 0.875
		 0.66666669 0.79166669 0.66666669 0.79166669 1 0.79166669 0.83333331 0.95833331 0.66666669
		 1 0.66666669 0.91666669 0.66666669 0.91666669 1 0.91666669 0.83333331;
	setAttr ".cuvs" -type "string" "map1";
	setAttr ".dcc" -type "string" "Ambient+Diffuse";
	setAttr ".covm[0]"  0 1 1;
	setAttr ".cdvm[0]"  0 1 1;
	setAttr -s 528 ".pt";
	setAttr ".pt[0:165]" -type "float3"  1.8626451e-09 -0.011330418 -0.006516139 
		1.8626451e-09 -0.011330418 -0.006516139 1.8626451e-09 -0.011330418 -0.006516139 1.8626451e-09 
		-0.011330418 -0.006516139 0 -0.011330418 -0.006516139 0 -0.011330418 -0.006516139 
		0 -0.011330418 -0.006516139 0 -0.011330418 -0.006516139 0 -0.011330418 -0.006516139 
		1.8626451e-09 -0.011330418 -0.006516139 1.8626451e-09 -0.011330418 -0.006516139 1.8626451e-09 
		-0.011330418 -0.006516139 0 -0.011330418 -0.006516139 0 -0.011330418 -0.006516139 
		1.8626451e-09 -0.011330418 -0.006516139 1.8626451e-09 -0.011330418 -0.006516139 1.8626451e-09 
		-0.011330418 -0.006516139 0 -0.011330418 -0.006516139 0 -0.011330418 -0.006516139 
		1.8626451e-09 -0.011330418 -0.006516139 0 -0.011330418 -0.006516139 0 -0.011330418 
		-0.006516139 0 -0.011330418 -0.006516139 0 -0.011330418 -0.006516139 0 -0.011330418 
		-0.006516139 0 -0.011330418 -0.006516139 0 -0.011330418 -0.006516139 0 -0.011330418 
		-0.006516139 0 -0.011330418 -0.006516139 0 -0.011330418 -0.006516139 0 -0.011330418 
		-0.006516139 0 -0.011330418 -0.006516139 0 -0.011330418 -0.006516139 0 -0.011330418 
		-0.006516139 0 -0.011330418 -0.006516139 0 -0.011330418 -0.006516139 0 -0.011330418 
		-0.006516139 0 -0.011330418 -0.006516139 0 -0.011330418 -0.006516139 0 -0.011330418 
		-0.006516139 0 -0.011330418 -0.006516139 0 -0.011330418 -0.006516139 1.8626451e-09 
		-0.011330418 -0.006516139 0 -0.011330418 -0.006516139 0 -0.011330418 -0.006516139 
		1.8626451e-09 -0.011330418 -0.006516139 1.8626451e-09 -0.011330418 -0.006516139 1.8626451e-09 
		-0.011330418 -0.006516139 0 -0.011330418 -0.006516139 1.8626451e-09 -0.011330418 
		-0.006516139 1.8626451e-09 -0.011330418 -0.006516139 1.8626451e-09 -0.011330418 -0.006516139 
		0 -0.011330418 -0.006516139 0 -0.011330418 -0.006516139 0 -0.011330418 -0.006516139 
		0 -0.011330418 -0.006516139 0 -0.011330418 -0.006516139 0 -0.011330418 -0.006516139 
		0 -0.011330418 -0.006516139 0 -0.011330418 -0.006516139 0 -0.011330418 -0.006516139 
		1.8626451e-09 -0.011330418 -0.006516139 1.8626451e-09 -0.011330418 -0.006516139 0 
		-0.011330418 -0.006516139 0 -0.011330418 -0.006516139 0 -0.011330418 -0.006516139 
		0 -0.011330418 -0.006516139 0 -0.011330418 -0.006516139 0 -0.011330418 -0.006516139 
		0 -0.011330418 -0.006516139 0 -0.011330418 -0.006516139 0 -0.011330418 -0.006516139 
		0 -0.011330418 -0.006516139 0 -0.011330418 -0.006516139 0 -0.011330418 -0.006516139 
		0 -0.011330418 -0.006516139 0 -0.011330418 -0.006516139 0 -0.011330418 -0.006516139 
		0 -0.011330418 -0.006516139 0 -0.011330418 -0.006516139 0 -0.011330418 -0.006516139 
		0 -0.011330418 -0.006516139 0 -0.011330418 -0.006516139 0 -0.011330418 -0.006516139 
		0 -0.011330418 -0.006516139 0 -0.011330418 -0.006516139 0 -0.011330418 -0.006516139 
		0 -0.011330418 -0.006516139 0 -0.011330418 -0.006516139 0 -0.011330418 -0.006516139 
		0 -0.011330418 -0.006516139 0 -0.011330418 -0.006516139 0 -0.011330418 -0.006516139 
		0 -0.011330418 -0.006516139 1.8626451e-09 -0.011330418 -0.006516139 1.8626451e-09 
		-0.011330418 -0.006516139 1.8626451e-09 -0.011330418 -0.006516139 1.8626451e-09 -0.011330418 
		-0.006516139 1.8626451e-09 -0.011330418 -0.006516139 0 -0.011330418 -0.006516139 
		1.8626451e-09 -0.011330418 -0.006516139 1.8626451e-09 -0.011330418 -0.006516139 0 
		-0.011330418 -0.006516139 1.8626451e-09 -0.011330418 -0.006516139 1.8626451e-09 -0.011330418 
		-0.006516139 1.8626451e-09 -0.011330418 -0.006516139 1.8626451e-09 -0.011330418 -0.006516139 
		1.8626451e-09 -0.011330418 -0.006516139 1.8626451e-09 -0.011330418 -0.006516139 0 
		-0.011330418 -0.006516139 1.8626451e-09 -0.011330418 -0.006516139 1.8626451e-09 -0.011330418 
		-0.006516139 0 -0.011330418 -0.006516139 0 -0.011330418 -0.006516139 0 -0.011330418 
		-0.006516139 0 -0.011330418 -0.006516139 0 -0.011330418 -0.006516139 0 -0.011330418 
		-0.006516139 0 -0.011330418 -0.006516139 0 -0.011330418 -0.006516139 1.8626451e-09 
		-0.011330418 -0.006516139 1.8626451e-09 -0.011330418 -0.006516139 1.8626451e-09 -0.011330418 
		-0.006516139 1.8626451e-09 -0.011330418 -0.006516139 1.8626451e-09 -0.011330418 -0.006516139 
		1.8626451e-09 -0.011330418 -0.006516139 1.8626451e-09 -0.011330418 -0.006516139 1.8626451e-09 
		-0.011330418 -0.006516139 1.8626451e-09 -0.011330418 -0.006516139 1.8626451e-09 -0.011330418 
		-0.006516139 1.8626451e-09 -0.011330418 -0.006516139 0 -0.011330418 -0.006516139 
		1.8626451e-09 -0.011330418 -0.006516139 0 -0.011330418 -0.006516139 1.8626451e-09 
		-0.011330418 -0.006516139 1.8626451e-09 -0.011330418 -0.006516139 1.8626451e-09 -0.011330418 
		-0.006516139 1.8626451e-09 -0.011330418 -0.006516139 1.8626451e-09 -0.011330418 -0.006516139 
		1.8626451e-09 -0.011330418 -0.006516139 1.8626451e-09 -0.011330418 -0.006516139 0 
		-0.011330418 -0.006516139 0 -0.011330418 -0.006516139 0 -0.011330418 -0.006516139 
		0 -0.011330418 -0.006516139 0 -0.011330418 -0.006516139 0 -0.011330418 -0.006516139 
		0 -0.011330418 -0.006516139 0 -0.011330418 -0.006516139 1.8626451e-09 -0.011330418 
		-0.006516139 1.8626451e-09 -0.011330418 -0.006516139 1.8626451e-09 -0.011330418 -0.006516139 
		1.8626451e-09 -0.011330418 -0.006516139 1.8626451e-09 -0.011330418 -0.006516139 1.8626451e-09 
		-0.011330418 -0.006516139 1.8626451e-09 -0.011330418 -0.006516139 1.8626451e-09 -0.011330418 
		-0.006516139 1.8626451e-09 -0.011330418 -0.006516139 1.8626451e-09 -0.011330418 -0.006516139 
		0 -0.011330418 -0.006516139 1.8626451e-09 -0.011330418 -0.006516139 1.8626451e-09 
		-0.011330418 -0.006516139 1.8626451e-09 -0.011330418 -0.006516139 1.8626451e-09 -0.011330418 
		-0.006516139 1.8626451e-09 -0.011330418 -0.006516139 1.8626451e-09 -0.011330418 -0.006516139;
	setAttr ".pt[166:331]" 1.8626451e-09 -0.011330418 -0.006516139 1.8626451e-09 
		-0.011330418 -0.006516139 1.8626451e-09 -0.011330418 -0.006516139 1.8626451e-09 -0.011330418 
		-0.006516139 1.8626451e-09 -0.011330418 -0.006516139 1.8626451e-09 -0.011330418 -0.006516139 
		1.8626451e-09 -0.011330418 -0.006516139 1.8626451e-09 -0.011330418 -0.006516139 0 
		-0.011330418 -0.006516139 0 -0.011330418 -0.006516139 0 -0.011330418 -0.006516139 
		0 -0.011330418 -0.006516139 1.8626451e-09 -0.011330418 -0.006516139 0 -0.011330418 
		-0.006516139 1.8626451e-09 -0.011330418 -0.006516139 1.8626451e-09 -0.011330418 -0.006516139 
		0 -0.011330418 -0.006516139 0 -0.011330418 -0.006516139 0 -0.011330418 -0.006516139 
		0 -0.011330418 -0.006516139 0 -0.011330418 -0.006516139 0 -0.011330418 -0.006516139 
		0 -0.011330418 -0.006516139 0 -0.011330418 -0.006516139 0 -0.011330418 -0.006516139 
		0 -0.011330418 -0.006516139 0 -0.011330418 -0.006516139 1.8626451e-09 -0.011330418 
		-0.006516139 0 -0.011330418 -0.006516139 1.8626451e-09 -0.011330418 -0.006516139 
		1.8626451e-09 -0.011330418 -0.006516139 1.8626451e-09 -0.011330418 -0.006516139 1.8626451e-09 
		-0.011330418 -0.006516139 0 -0.011330418 -0.006516139 1.8626451e-09 -0.011330418 
		-0.006516139 1.8626451e-09 -0.011330418 -0.006516139 0 -0.011330418 -0.006516139 
		0 -0.011330418 -0.006516139 0 -0.011330418 -0.006516139 1.8626451e-09 -0.011330418 
		-0.006516139 0 -0.011330418 -0.006516139 0 -0.011330418 -0.006516139 0 -0.011330418 
		-0.006516139 1.8626451e-09 -0.011330418 -0.006516139 0 -0.011330418 -0.006516139 
		0 -0.011330418 -0.006516139 0 -0.011330418 -0.006516139 0 -0.011330418 -0.006516139 
		0 -0.011330418 -0.006516139 0 -0.011330418 -0.006516139 0 -0.011330418 -0.006516139 
		0 -0.011330418 -0.006516139 0 -0.011330418 -0.006516139 0 -0.011330418 -0.006516139 
		1.8626451e-09 -0.011330418 -0.006516139 0 -0.011330418 -0.006516139 0 -0.011330418 
		-0.006516139 1.8626451e-09 -0.011330418 -0.006516139 1.8626451e-09 -0.011330418 -0.006516139 
		1.8626451e-09 -0.011330418 -0.006516139 0 -0.011330418 -0.006516139 0 -0.011330418 
		-0.006516139 0 -0.011330418 -0.006516139 1.8626451e-09 -0.011330418 -0.006516139 
		0 -0.011330418 -0.006516139 0 -0.011330418 -0.006516139 0 -0.011330418 -0.006516139 
		1.8626451e-09 -0.011330418 -0.006516139 1.8626451e-09 -0.011330418 -0.006516139 1.8626451e-09 
		-0.011330418 -0.006516139 1.8626451e-09 -0.011330418 -0.006516139 1.8626451e-09 -0.011330418 
		-0.006516139 1.8626451e-09 -0.011330418 -0.006516139 1.8626451e-09 -0.011330418 -0.006516139 
		1.8626451e-09 -0.011330418 -0.006516139 1.8626451e-09 -0.011330418 -0.006516139 0 
		-0.011330418 -0.006516139 0 -0.011330418 -0.006516139 0 -0.011330418 -0.006516139 
		1.8626451e-09 -0.011330418 -0.006516139 1.8626451e-09 -0.011330418 -0.006516139 1.8626451e-09 
		-0.011330418 -0.006516139 0 -0.011330418 -0.006516139 0 -0.011330418 -0.006516139 
		1.8626451e-09 -0.011330418 -0.006516139 1.8626451e-09 -0.011330418 -0.006516139 0 
		-0.011330418 -0.006516139 0 -0.011330418 -0.006516139 0 -0.011330418 -0.006516139 
		0 -0.011330418 -0.006516139 0 -0.011330418 -0.006516139 0 -0.011330418 -0.006516139 
		0 -0.011330418 -0.006516139 0 -0.011330418 -0.006516139 0 -0.011330418 -0.006516139 
		0 -0.011330418 -0.006516139 0 -0.011330418 -0.006516139 0 -0.011330418 -0.006516139 
		0 -0.011330418 -0.006516139 0 -0.011330418 -0.006516139 0 -0.011330418 -0.006516139 
		0 -0.011330418 -0.006516139 0 -0.011330418 -0.006516139 0 -0.011330418 -0.006516139 
		0 -0.011330418 -0.006516139 1.8626451e-09 -0.011330418 -0.006516139 0 -0.011330418 
		-0.006516139 0 -0.011330418 -0.006516139 1.8626451e-09 -0.011330418 -0.006516139 
		1.8626451e-09 -0.011330418 -0.006516139 0 -0.011330418 -0.006516139 1.8626451e-09 
		-0.011330418 -0.006516139 1.8626451e-09 -0.011330418 -0.006516139 0 -0.011330418 
		-0.006516139 0 -0.011330418 -0.006516139 0 -0.011330418 -0.006516139 0 -0.011330418 
		-0.006516139 0 -0.011330418 -0.006516139 0 -0.011330418 -0.006516139 0 -0.011330418 
		-0.006516139 0 -0.011330418 -0.006516139 0 -0.011330418 -0.006516139 0 -0.011330418 
		-0.006516139 0 -0.011330418 -0.006516139 0 -0.011330418 -0.006516139 0 -0.011330418 
		-0.006516139 0 -0.011330418 -0.006516139 0 -0.011330418 -0.006516139 0 -0.011330418 
		-0.006516139 0 -0.011330418 -0.006516139 0 -0.011330418 -0.006516139 0 -0.011330418 
		-0.006516139 0 -0.011330418 -0.006516139 0 -0.011330418 -0.006516139 0 -0.011330418 
		-0.006516139 0 -0.011330418 -0.006516139 0 -0.011330418 -0.006516139 0 -0.011330418 
		-0.006516139 0 -0.011330418 -0.006516139 0 -0.011330418 -0.006516139 0 -0.011330418 
		-0.006516139 0 -0.011330418 -0.006516139 0 -0.011330418 -0.006516139 0 -0.011330418 
		-0.006516139 0 -0.011330418 -0.006516139 0 -0.011330418 -0.006516139 1.8626451e-09 
		-0.011330418 -0.006516139 1.8626451e-09 -0.011330418 -0.006516139 0 -0.011330418 
		-0.006516139 1.8626451e-09 -0.011330418 -0.006516139 0 -0.011330418 -0.006516139 
		1.8626451e-09 -0.011330418 -0.006516139 1.8626451e-09 -0.011330418 -0.006516139 0 
		-0.011330418 -0.006516139 1.8626451e-09 -0.011330418 -0.006516139 1.8626451e-09 -0.011330418 
		-0.006516139 1.8626451e-09 -0.011330418 -0.006516139 0 -0.011330418 -0.006516139 
		1.8626451e-09 -0.011330418 -0.006516139 1.8626451e-09 -0.011330418 -0.006516139 0 
		-0.011330418 -0.006516139 0 -0.011330418 -0.006516139 0 -0.011330418 -0.006516139 
		1.8626451e-09 -0.011330418 -0.006516139 0 -0.011330418 -0.006516139 0 -0.011330418 
		-0.006516139;
	setAttr ".pt[332:497]" 0 -0.011330418 -0.006516139 0 -0.011330418 -0.006516139 
		1.8626451e-09 -0.011330418 -0.006516139 0 -0.011330418 -0.006516139 0 -0.011330418 
		-0.006516139 0 -0.011330418 -0.006516139 0 -0.011330418 -0.006516139 0 -0.011330418 
		-0.006516139 0 -0.011330418 -0.006516139 0 -0.011330418 -0.006516139 1.8626451e-09 
		-0.011330418 -0.006516139 1.8626451e-09 -0.011330418 -0.006516139 0 -0.011330418 
		-0.006516139 1.8626451e-09 -0.011330418 -0.006516139 1.8626451e-09 -0.011330418 -0.006516139 
		1.8626451e-09 -0.011330418 -0.006516139 1.8626451e-09 -0.011330418 -0.006516139 1.8626451e-09 
		-0.011330418 -0.006516139 1.8626451e-09 -0.011330418 -0.006516139 0 -0.011330418 
		-0.006516139 0 -0.011330418 -0.006516139 0 -0.011330418 -0.006516139 1.8626451e-09 
		-0.011330418 -0.006516139 0 -0.011330418 -0.006516139 1.8626451e-09 -0.011330418 
		-0.006516139 1.8626451e-09 -0.011330418 -0.006516139 0 -0.011330418 -0.006516139 
		0 -0.011330418 -0.006516139 1.8626451e-09 -0.011330418 -0.006516139 0 -0.011330418 
		-0.006516139 0 -0.011330418 -0.006516139 0 -0.011330418 -0.006516139 0 -0.011330418 
		-0.006516139 0 -0.011330418 -0.006516139 0 -0.011330418 -0.006516139 0 -0.011330418 
		-0.006516139 0 -0.011330418 -0.006516139 0 -0.011330418 -0.006516139 0 -0.011330418 
		-0.006516139 0 -0.011330418 -0.006516139 0 -0.011330418 -0.006516139 0 -0.011330418 
		-0.006516139 0 -0.011330418 -0.006516139 0 -0.011330418 -0.006516139 0 -0.011330418 
		-0.006516139 0 -0.011330418 -0.006516139 0 -0.011330418 -0.006516139 1.8626451e-09 
		-0.011330418 -0.006516139 1.8626451e-09 -0.011330418 -0.006516139 0 -0.011330418 
		-0.006516139 1.8626451e-09 -0.011330418 -0.006516139 1.8626451e-09 -0.011330418 -0.006516139 
		1.8626451e-09 -0.011330418 -0.006516139 1.8626451e-09 -0.011330418 -0.006516139 1.8626451e-09 
		-0.011330418 -0.006516139 1.8626451e-09 -0.011330418 -0.006516139 1.8626451e-09 -0.011330418 
		-0.006516139 1.8626451e-09 -0.011330418 -0.006516139 1.8626451e-09 -0.011330418 -0.006516139 
		1.8626451e-09 -0.011330418 -0.006516139 1.8626451e-09 -0.011330418 -0.006516139 1.8626451e-09 
		-0.011330418 -0.006516139 1.8626451e-09 -0.011330418 -0.006516139 1.8626451e-09 -0.011330416 
		-0.006516139 0 -0.011330417 -0.006516139 -2.9802322e-08 -0.011330418 -0.006516139 
		0 -0.011330418 -0.006516139 1.8626451e-09 -0.011330418 -0.006516139 1.8626451e-09 
		-0.011330418 -0.006516139 1.8626451e-09 -0.011330418 -0.006516139 1.8626451e-09 -0.011330418 
		-0.006516139 1.8626451e-09 -0.011330418 -0.006516139 -5.9604645e-08 -0.011330417 
		-0.006516139 1.1920929e-07 -0.01133042 -0.006516139 5.9604645e-08 -0.011330417 -0.006516139 
		1.8626451e-09 -0.011330418 -0.006516139 1.8626451e-09 -0.011330418 -0.006516139 1.8626451e-09 
		-0.011330418 -0.006516139 1.8626451e-09 -0.011330418 -0.006516139 1.8626451e-09 -0.011330418 
		-0.006516139 1.8626451e-09 -0.011330418 -0.006516139 1.8626451e-09 -0.011330418 -0.006516139 
		1.8626451e-09 -0.011330418 -0.006516139 1.8626451e-09 -0.011330418 -0.006516139 1.8626451e-09 
		-0.011330418 -0.006516139 1.8626451e-09 -0.011330418 -0.006516139 1.8626451e-09 -0.011330418 
		-0.006516139 1.8626451e-09 -0.011330418 -0.006516139 1.8626451e-09 -0.011330418 -0.006516139 
		1.8626451e-09 -0.011330418 -0.006516139 1.8626451e-09 -0.011330418 -0.006516139 1.8626451e-09 
		-0.011330418 -0.006516139 1.8626451e-09 -0.011330418 -0.006516139 1.8626451e-09 -0.011330418 
		-0.006516139 1.8626451e-09 -0.011330418 -0.006516139 1.8626451e-09 -0.011330418 -0.006516139 
		1.8626451e-09 -0.011330418 -0.006516139 1.8626451e-09 -0.011330418 -0.006516139 1.8626451e-09 
		-0.011330418 -0.006516139 1.8626451e-09 -0.011330418 -0.006516139 1.8626451e-09 -0.011330418 
		-0.006516139 5.9604645e-08 -0.011330417 -0.006516139 -2.9802322e-08 -0.011330418 
		-0.006516139 -5.9604645e-08 -0.011330417 -0.006516139 1.8626451e-09 -0.011330418 
		-0.006516139 1.8626451e-09 -0.011330418 -0.006516139 1.8626451e-09 -0.011330418 -0.006516139 
		1.8626451e-09 -0.011330418 -0.006516139 1.8626451e-09 -0.011330418 -0.006516139 0 
		-0.011330418 -0.006516139 1.8626451e-09 -0.011330416 -0.006516139 0 -0.011330417 
		-0.006516139 1.8626451e-09 -0.011330418 -0.006516139 1.8626451e-09 -0.011330418 -0.006516139 
		1.8626451e-09 -0.011330418 -0.006516139 1.8626451e-09 -0.011330418 -0.006516139 1.8626451e-09 
		-0.011330418 -0.006516139 1.8626451e-09 -0.011330418 -0.006516139 1.8626451e-09 -0.011330418 
		-0.006516139 1.8626451e-09 -0.011330418 -0.006516139 1.8626451e-09 -0.011330418 -0.006516139 
		1.8626451e-09 -0.011330418 -0.006516139 1.8626451e-09 -0.011330418 -0.006516139 1.8626451e-09 
		-0.011330418 -0.006516139 1.8626451e-09 -0.011330418 -0.006516139 1.8626451e-09 -0.011330418 
		-0.006516139 1.8626451e-09 -0.011330418 -0.006516139 1.8626451e-09 -0.011330418 -0.006516139 
		1.8626451e-09 -0.011330418 -0.006516139 1.8626451e-09 -0.011330418 -0.006516139 1.8626451e-09 
		-0.011330418 -0.006516139 0 -0.011330418 -0.006516139 1.8626451e-09 -0.011330418 
		-0.006516139 0 -0.011330418 -0.006516139 1.8626451e-09 -0.011330418 -0.006516139 
		1.8626451e-09 -0.011330418 -0.006516139 1.8626451e-09 -0.011330418 -0.006516139 -1.4901161e-08 
		-0.011330419 -0.006516139 -5.9604645e-08 -0.01133042 -0.006516139 -2.9802322e-08 
		-0.011330418 -0.006516139 1.8626451e-09 -0.011330418 -0.006516139 0 -0.011330418 
		-0.006516139 0 -0.011330418 -0.006516139 0 -0.011330418 -0.006516139 1.8626451e-09 
		-0.011330418 -0.006516139 5.9604645e-08 -0.011330417 -0.006516139 -1.1920929e-07 
		-0.011330417 -0.006516139 1.1920929e-07 -0.011330419 -0.006516139 1.8626451e-09 -0.011330418 
		-0.006516139 1.8626451e-09 -0.011330418 -0.006516139 1.8626451e-09 -0.011330418 -0.006516139 
		1.8626451e-09 -0.011330418 -0.006516139 1.8626451e-09 -0.011330418 -0.006516139 1.8626451e-09 
		-0.011330418 -0.006516139 1.8626451e-09 -0.011330418 -0.006516139 1.8626451e-09 -0.011330418 
		-0.006516139 1.8626451e-09 -0.011330418 -0.006516139 1.8626451e-09 -0.011330418 -0.006516139 
		1.8626451e-09 -0.011330418 -0.006516139 1.8626451e-09 -0.011330418 -0.006516139 1.8626451e-09 
		-0.011330418 -0.006516139 1.8626451e-09 -0.011330418 -0.006516139 1.8626451e-09 -0.011330418 
		-0.006516139 1.8626451e-09 -0.011330418 -0.006516139 1.8626451e-09 -0.011330418 -0.006516139 
		1.8626451e-09 -0.011330418 -0.006516139;
	setAttr ".pt[498:527]" 1.8626451e-09 -0.011330418 -0.006516139 0 -0.011330418 
		-0.006516139 0 -0.011330418 -0.006516139 0 -0.011330418 -0.006516139 1.8626451e-09 
		-0.011330418 -0.006516139 1.1920929e-07 -0.011330419 -0.006516139 -5.9604645e-08 
		-0.01133042 -0.006516139 5.9604645e-08 -0.011330417 -0.006516139 1.8626451e-09 -0.011330418 
		-0.006516139 1.8626451e-09 -0.011330418 -0.006516139 1.8626451e-09 -0.011330418 -0.006516139 
		1.8626451e-09 -0.011330418 -0.006516139 -2.9802322e-08 -0.011330418 -0.006516139 
		-1.4901161e-08 -0.011330419 -0.006516139 1.8626451e-09 -0.011330418 -0.006516139 
		1.8626451e-09 -0.011330418 -0.006516139 1.8626451e-09 -0.011330418 -0.006516139 1.8626451e-09 
		-0.011330418 -0.006516139 1.8626451e-09 -0.011330418 -0.006516139 1.8626451e-09 -0.011330418 
		-0.006516139 1.8626451e-09 -0.011330418 -0.006516139 1.8626451e-09 -0.011330418 -0.006516139 
		1.8626451e-09 -0.011330418 -0.006516139 1.8626451e-09 -0.011330418 -0.006516139 1.8626451e-09 
		-0.011330418 -0.006516139 1.8626451e-09 -0.011330418 -0.006516139 1.8626451e-09 -0.011330418 
		-0.006516139 1.8626451e-09 -0.011330418 -0.006516139 1.8626451e-09 -0.011330418 -0.006516139 
		1.8626451e-09 -0.011330418 -0.006516139;
	setAttr -s 528 ".vt";
	setAttr ".vt[0:165]"  4.88718033 5.9883523 -5.15223169 4.88718033 6.037072659 -3.45247674
		 4.88718033 5.9883523 2.69877696 4.88718033 6.037072659 0.99902195 0.96167588 5.9883523 -1.22672737
		 2.66143107 6.037072659 -1.22672737 2.11142945 5.9883523 -4.0024781227 3.3133378 6.037072659 -2.80056977
		 2.51206565 6.0045924187 -3.60184193 4.88718033 6.0045924187 -4.58564663 3.87294626 5.9883523 -5.015266895
		 4.01933527 6.0045924187 -4.46845055 2.92545009 5.9883523 -4.62280083 3.20859504 6.0045924187 -4.13263083
		 4.31211281 6.037072659 -3.37481785 4.88718033 6.020832539 -4.019061565 4.1657238 6.020832539 -3.9216342
		 2.91270185 6.020832539 -3.20120597 3.49174023 6.020832539 -3.64246106 3.77488518 6.037072659 -3.15229106
		 1.52826095 6.0045924187 -1.22672737 1.49110663 5.9883523 -3.18845749 1.98127663 6.0045924187 -2.90531254
		 1.098640919 5.9883523 -2.24096131 1.64545715 6.0045924187 -2.094572544 2.96161652 6.037072659 -2.33902264
		 2.47144675 6.020832539 -2.62216759 2.09484601 6.020832539 -1.22672737 2.19227338 6.020832539 -1.94818377
		 2.73908973 6.037072659 -1.80179501 2.11142945 5.9883523 1.54902339 3.3133378 6.037072659 0.34711507
		 2.51206565 6.0045924187 1.14838731 1.098640919 5.9883523 -0.21249337 1.64545715 6.0045924187 -0.35888216
		 1.49110663 5.9883523 0.73500282 1.98127663 6.0045924187 0.45185781 2.73908973 6.037072659 -0.65165973
		 2.19227338 6.020832539 -0.50527096 2.91270185 6.020832539 0.74775118 2.47144675 6.020832539 0.16871281
		 2.96161652 6.037072659 -0.11443219 4.88718033 6.0045924187 2.1321919 2.92545009 5.9883523 2.16934633
		 3.20859504 6.0045924187 1.67917633 3.87294626 5.9883523 2.56181216 4.01933527 6.0045924187 2.014995813
		 3.77488518 6.037072659 0.69883633 3.49174023 6.020832539 1.18900633 4.88718033 6.020832539 1.56560695
		 4.1657238 6.020832539 1.46817946 4.31211281 6.037072659 0.92136323 8.81268501 5.9883523 -1.22672737
		 7.11292982 6.037072659 -1.22672737 7.66293097 5.9883523 1.54902339 6.46102285 6.037072659 0.34711507
		 7.26229477 6.0045924187 1.14838731 5.90141439 5.9883523 2.56181216 5.75502539 6.0045924187 2.014995813
		 6.84891033 5.9883523 2.16934633 6.56576538 6.0045924187 1.67917633 5.46224785 6.037072659 0.92136323
		 5.60863686 6.020832539 1.46817946 6.86165905 6.020832539 0.74775118 6.28262043 6.020832539 1.18900633
		 5.99947548 6.037072659 0.69883633 8.24609947 6.0045924187 -1.22672737 8.28325367 5.9883523 0.73500282
		 7.79308414 6.0045924187 0.45185781 8.67571926 5.9883523 -0.21249337 8.12890339 6.0045924187 -0.35888216
		 6.81274414 6.037072659 -0.11443219 7.30291414 6.020832539 0.16871281 7.67951441 6.020832539 -1.22672737
		 7.58208704 6.020832539 -0.50527096 7.035270691 6.037072659 -0.65165973 7.66293097 5.9883523 -4.0024781227
		 6.46102285 6.037072659 -2.80056977 7.26229477 6.0045924187 -3.60184193 8.67571926 5.9883523 -2.24096131
		 8.12890339 6.0045924187 -2.094572544 8.28325367 5.9883523 -3.18845749 7.79308414 6.0045924187 -2.90531254
		 7.035270691 6.037072659 -1.80179501 7.58208704 6.020832539 -1.94818377 6.86165905 6.020832539 -3.20120597
		 7.30291414 6.020832539 -2.62216759 6.81274414 6.037072659 -2.33902264 6.84891033 5.9883523 -4.62280083
		 6.56576538 6.0045924187 -4.13263083 5.90141439 5.9883523 -5.015266895 5.75502539 6.0045924187 -4.46845055
		 5.99947548 6.037072659 -3.15229106 6.28262043 6.020832539 -3.64246106 5.60863686 6.020832539 -3.9216342
		 5.46224785 6.037072659 -3.37481785 4.88718033 6.33114433 -2.0073020458 4.88718033 6.33114433 -0.44615269
		 4.10660553 6.33114433 -1.22672737 3.20057464 6.18028593 -1.22672737 4.88718033 6.18028593 -2.91333318
		 3.69457006 6.18028593 -2.41933775 3.43035746 6.086745262 -2.68355012 4.88718033 6.086745262 -3.28698587
		 4.35487032 6.086745262 -3.21510124 3.85758734 6.086745262 -3.0091199875 4.45141125 6.18028593 -2.85448575
		 4.88718033 6.13212538 -3.12049985 4.3978858 6.13212538 -3.054424286 3.54808092 6.13212538 -2.56582689
